Function: quartic
Selection method: fitness_proportional
num_vars: 30
bits_per_var: 8
chromosome_length: 240
min_vals: [-1.27, -1.27, -1.27, -1.27, -1.27, -1.27, -1.27, -1.27, -1.27, -1.27, -1.27, -1.27, -1.27, -1.27, -1.27, -1.27, -1.27, -1.27, -1.27, -1.27, -1.27, -1.27, -1.27, -1.27, -1.27, -1.27, -1.27, -1.27, -1.27, -1.27]
max_vals: [1.28, 1.28, 1.28, 1.28, 1.28, 1.28, 1.28, 1.28, 1.28, 1.28, 1.28, 1.28, 1.28, 1.28, 1.28, 1.28, 1.28, 1.28, 1.28, 1.28, 1.28, 1.28, 1.28, 1.28, 1.28, 1.28, 1.28, 1.28, 1.28, 1.28]
num_runs: 30
generations: 400
population_size: 200
crossover_rate: 0.7
mutation_rate: 0.001

Best decoded (overall): [-0.1100000000000001, 0.18999999999999972, -0.04000000000000026, -0.17000000000000015, -0.19000000000000017, 0.12999999999999967, -0.03000000000000025, 0.13999999999999968, 0.08999999999999986, 0.17999999999999972, -0.02000000000000024, -0.19000000000000017, 0.19999999999999973, -0.16000000000000014, 0.1599999999999997, 0.04999999999999982, 0.029999999999999805, -0.050000000000000266, 0.05999999999999983, 0.07999999999999985, 0.06999999999999984, -0.17000000000000015, 0.04999999999999982, -0.15000000000000013, 0.07999999999999985, 0.07999999999999985, 0.039999999999999813, 0.05999999999999983, 0.07999999999999985, -0.04000000000000026]
Best chromosome (overall): 01110100|10010010|01111011|01101110|01101100|10001100|01111100|10001101|10001000|10010001|01111101|01101100|10010011|01101111|10001111|10000100|10000010|01111010|10000101|10000111|10000110|01101110|10000100|01110000|10000111|10000111|10000011|10000101|10000111|01111011
Average best decoded values over 30 runs: [ 0.06966667  0.00566667  0.01366667  0.043       0.00933333  0.01633333
 -0.00333333  0.033       0.02566667 -0.005      -0.029      -0.03833333
 -0.02633333 -0.003      -0.01666667 -0.01833333  0.00866667 -0.02466667
 -0.01        0.02833333 -0.002       0.02166667  0.028       0.00966667
 -0.00066667 -0.009       0.01333333 -0.01333333  0.007      -0.00566667]
Average best objective value over 30 runs: 0.10648627333333316
Reliability (fraction of runs reaching optimum): 0.00
Average number of generations to reach best solution: 366.47
