Function: quartic
Parameters Used:
  num_vars: 30
  min_vals: [-1.27, -1.27, -1.27, -1.27, -1.27, -1.27, -1.27, -1.27, -1.27, -1.27, -1.27, -1.27, -1.27, -1.27, -1.27, -1.27, -1.27, -1.27, -1.27, -1.27, -1.27, -1.27, -1.27, -1.27, -1.27, -1.27, -1.27, -1.27, -1.27, -1.27]
  max_vals: [1.28, 1.28, 1.28, 1.28, 1.28, 1.28, 1.28, 1.28, 1.28, 1.28, 1.28, 1.28, 1.28, 1.28, 1.28, 1.28, 1.28, 1.28, 1.28, 1.28, 1.28, 1.28, 1.28, 1.28, 1.28, 1.28, 1.28, 1.28, 1.28, 1.28]
  step_size: 0.05
  max_no_improve: 100
  num_experiments: 30
  precision: 2

Average best solution: [ 0.01966667 -0.02        0.003      -0.01133333 -0.00366667 -0.00766667
  0.00733333  0.00866667 -0.00666667  0.006      -0.00466667 -0.01
  0.008      -0.00533333  0.00666667  0.014      -0.00666667 -0.004
 -0.012       0.00766667  0.00466667  0.00066667 -0.00333333  0.009
 -0.00266667 -0.00766667 -0.00033333 -0.00666667 -0.00166667 -0.016     ]
Average best objective value: 0.003210563
Std dev of best objective values: 0.0020141705058512303
Average number of iterations: 966.3333333333334
