Function: quartic
Selection method: chc
num_vars: 30
bits_per_var: 8
chromosome_length: 240
min_vals: [-1.27, -1.27, -1.27, -1.27, -1.27, -1.27, -1.27, -1.27, -1.27, -1.27, -1.27, -1.27, -1.27, -1.27, -1.27, -1.27, -1.27, -1.27, -1.27, -1.27, -1.27, -1.27, -1.27, -1.27, -1.27, -1.27, -1.27, -1.27, -1.27, -1.27]
max_vals: [1.28, 1.28, 1.28, 1.28, 1.28, 1.28, 1.28, 1.28, 1.28, 1.28, 1.28, 1.28, 1.28, 1.28, 1.28, 1.28, 1.28, 1.28, 1.28, 1.28, 1.28, 1.28, 1.28, 1.28, 1.28, 1.28, 1.28, 1.28, 1.28, 1.28]
num_runs: 30
generations: 200
population_size: 100
crossover_rate: 0.8
mutation_rate: 0.01

Best decoded (overall): [0.22999999999999976, 0.23999999999999977, 0.08999999999999986, 0.07999999999999985, 0.1699999999999997, -0.14000000000000012, -0.1100000000000001, 0.07999999999999985, -0.16000000000000014, -0.050000000000000266, 0.13999999999999968, 0.04999999999999982, 0.05999999999999983, 0.029999999999999805, 0.11999999999999966, 0.04999999999999982, 0.04999999999999982, -0.1100000000000001, -0.060000000000000275, 0.029999999999999805, 0.06999999999999984, 0.009999999999999787, 0.11999999999999966, -2.220446049250313e-16, 0.039999999999999813, 0.07999999999999985, -0.07000000000000028, 0.06999999999999984, -0.0800000000000003, 0.09999999999999987]
Best chromosome (overall): 10010110|10010111|10001000|10000111|10010000|01110001|01110100|10000111|01101111|01111010|10001101|10000100|10000101|10000010|10001011|10000100|10000100|01110100|01111001|10000010|10000110|10000000|10001011|01111111|10000011|10000111|01111000|10000110|01110111|10001001
Average best decoded values over 30 runs: [ 0.03333333 -0.00866667  0.00733333  0.036      -0.01066667  0.05566667
  0.02333333 -0.00766667  0.00566667  0.00533333 -0.00933333 -0.002
  0.024       0.00033333  0.01266667  0.00133333 -0.03566667 -0.006
  0.01233333 -0.00466667 -0.01633333  0.00833333  0.02733333 -0.01266667
  0.00233333  0.00566667  0.01333333 -0.017      -0.00366667 -0.03      ]
Average best objective value over 30 runs: 0.06876444066666657
Reliability (fraction of runs reaching optimum): 0.00
Average number of generations to reach best solution: 195.97
